5899
3691
7313
5963
876
7793
5315
7226
6655
4418
2234
6047
3042
8885
7383
6430
5763
4814
4837
7410
1721
2424
9039
9673
9146
7914
1384
7045
7069
201
2609
9509
7429
5495
5105
2178
2293
7439
4006
6077
3930
9915
6856
4291
1870
7311
5054
3815
8907
6290
7607
1229
3863
7614
7188
1726
4270
1369
9798
9349
1983
3796
644
2576
5658
2663
5805
2257
6758
9273
6540
6535
3284
7848
5885
800
5323
6455
2990
9434
5133
3215
4734
6488
9067
1961
6810
1542
5219
8935
2220
7766
4445
8154
7899
4809
3122
5728
467
2142
9878
4864
4422
4784
1020
5795
8763
5926
6290
8176
8407
3833
5017
6722
5959
8539
2801
3335
6156
4629
2739
1443
4588
571
6118
7223
558
3894
9103
1055
9526
4213
6537
4985
5078
326
6767
1616
1755
4179
728
8203
308
7823
5009
6048
7117
4269
5189
4424
4453
2806
3342
7892
8020
4564
2972
5902
2493
9751
9419
9270
7977
7581
5957
7800
1529
5720
2299
3423
9746
9146
4890
365
7716
5704
8313
7122
5927
7878
469
548
2841
9602
4671
282
143
1700
8538
5210
4471
4535
6474
2262
8859
5159
4957
7862
2657
3810
1074
7795
8320
8630
8913
3850
8908
590
4606
6743
5277
6009
1555
180
4603
8416
6405
311
5230
7975
348
8326
8639
3814
6978
1972
6531
7488
4059
9425
1692
3837
6519
7780
9452
6210
5788
4571
3375
1436
7766
8805
1493
9133
429
7819
6036
7043
521
1792
906
8596
1748
14
2607
8647
3588
9682
9309
1478
5338
1613
7227
9821
7199
2467
8770
9810
8190
2749
3039
7728
5296
2635
1042
1534
5835
6590
2744
4875
9005
2985
5921
5497
754
8992
2131
8483
9473
4987
5267
3214
1342
5842
8203
8190
2477
4499
436
4297
6552
4781
2178
2801
965
7664
8442
7916
5214
206
7640
1858
6979
7467
7388
6959
500
1488
2757
2761
8423
5385
2829
3383
6346
5590
6636
2109
2960
4420
3744
6470
2286
6371
9501
340
6637
6508
5248
1952
8499
4791
8450
3312
3532
296
9066
748
9620
4738
5625
89
2204
5201
4774
3914
9280
1138
4984
1242
3231
7569
4586
6685
5188
1323
7251
2907
3063
3429
2313
1264
3500
7254
9679
2629
6346
5198
2426
6419
8699
8877
3051
3429
267
7092
7973
2142
7072
1866
4693
546
2285
2805
3934
6637
3776
8264
5978
1101
1730
8501
4210
1724
6218
9009
1638
9209
2174
2597
5467
4362
2707
7923
4308
8608
7246
1633
1024
635
4317
7698
249
5478
2117
1215
6187
36
5290
3237
8653
1133
8989
9686
6834
3820
4016
5029
9004
1063
2980
9201
8160
9183
796
6782
9942
738
730
3965
9506
3991
9739
4490
3785
6558
5775
1063
471
8000
1021
4066
6127
2390
5496
1098
5899
7139
2443
9364
2329
3718
4872
2445
3078
8841
3922
1970
8768
8689
6954
8661
8340
326
196
14
7398
3599
7890
1486
5223
6882
6744
3011
8646
7074
48
7999
3264
3922
4398
6009
4868
9487
2175
8118
1615
4657
9578
2947
4736
3664
1515
3941
6882
6953
413
973
6445
3454
9352
7489
5247
2142
8412
4806
3194
1263
4302
4513
9829
2866
7444
2807
5789
1498
9206
4360
5409
5743
6371
906
8389
4949
8404
6789
7302
1504
1307
5833
2747
2576
5620
71
1991
49
4494
7557
4488
758
6155
5476
314
595
5509
4420
4664
5961
3497
995
9273
8252
258
9583
7184
3742
3267
7881
5477
6872
8477
5803
5144
1539
2697
8426
451
5441
2192
5907
870
1100
9689
6969
7155
7064
3910
9817
1661
1818
4372
3615
6072
8194
4113
7880
4303
9285
8361
5855
6105
7827
2866
8537
7706
1153
84
4007
2572
822
6688
3681
8811
2135
5704
2530
6003
5833
4532
6018
8708
3042
8447
9039
5454
4585
5711
8455
5312
4981
2782
6
5035
8489
8976
7172
8613
2881
7417
1961
2613
6410
6104
1161
5936
8363
5980
9433
4839
1500
9823
7790
1309
4237
3273
2006
6580
8851
88
2690
8319
1368
9077
5893
763
5039
7001
8254
2953
9428
7594
3400
189
543
3049
3894
3776
337
4578
1425
1721
5679
1300
700
5258
8442
4103
462
6442
5005
7554
5349
8764
5688
4808
191
5451
3830
3308
4131
9744
851
6675
6319
8766
7176
5530
205
5239
1663
2945
6692
3441
2227
6454
3745
8331
9611
7817
8993
6242
9289
5439
3977
7960
1035
3910
5009
3451
1964
7482
7619
8587
470
1749
4199
8032
4754
578
41
1482
4767
6213
836
296
83
7596
5163
2383
4586
1488
9773
8490
3894
5617
4536
8649
1805
2767
7877
8023
9301
6558
7334
2817
1565
7781
1663
3727
3285
8982
9380
7786
1975
3228
6045
6414
2942
1074
4633
5908
6575
2793
7184
997
7348
2691
6739
2125
6999
5403
6080
4190
5219
1768
5149
8600
3124
413
8165
1943
1813
145
117
5157
6207
9813
2218
3189
9791
3380
156
5112
9839
2414
6156
2812
143
1672
902
2962
5177
8164
5421
5646
9053
347
3764
4178
2788
9252
8252
4085
7804
4702
5377
7734
5737
685
2540
481
8231
8020
2913
8121
400
1073
1232
672
1465
3813
444
5127
3182
1626
7307
3933
3247
4952
4632
7822
1454
8758
2879
8323
6622
2689
2335
5081
9640
3267
3670
9867
4932
7995
6735
3333
8966
4099
6018
2584
9691
8759
4926
1135
554
8781
8197
3587
3701
3212
4789
437
9847
9302
2240
590
8766
4031
9013
2772
6585
5800
2270
960
2500
7504
7804
6819
4154
8011
2076
9824
617
3152
4658
7880
8482
3718
2365
2501
6414
8053
3266
9640
5431
4008
9347
3312
6532
7051
5983
8580
7374
5528
3300
2862
412
2218
2977
762
9184
7327
1926
5832
6246
212
1591
6287
6979
8470
3477
9593
2870
1796
3667
5958
3679
3055
2979
7611
3858
5618
6549
1847
6549
2449
9970
5093
1314
9570
281
2810
2701
8886
8530
5916
2965
7363
208
6168
2992
9834
8790
9324
5550
876
1812
6564
1093
3935
8310
543
6937
4815
2707
1119
5541
5678
2496
7606
7223
7274
707
8771
1672
6403
7012
4965
6502
6892
1583
9731
3048
4686
8553
9861
1239
9542
2909
1096
298
4243
796
8586
9821
7748
9520
1887
327
3556
3621
6206
6337
4492
7217
4188
4997
6131
9436
972
4029
5395
8979
1277
2966
9203
9231
4245
7261
9639
2066
766
7456
2496
3358
4551
798
9443
9083
756
5974
9061
9449
1560
8313
696
3522
3542
6925
4743
9004
9193
9817
8253
7508
8782
5291
2438
5130
204
1116
8300
1371
7650
7590
7058
2543
9374
9323
6568
6015
8024
9660
791
2092
3894
6767
9405
5978
7756
1297
3695
2204
1568
5506
3642
1967
6994
1393
4704
6965
9350
2817
1072
1184
3349
8634
4889
3025
145
8632
6752
2674
7844
2408
9647
7293
5125
1984
1308
832
4644
2307
3469
2941
438
7566
6563
8350
3446
101
7051
1461
2677
2751
8268
5075
2402
8932
9874
7430
1441
8701
2440
9693
9867
5160
9814
5474
1880
887
6663
1101
9968
1174
9906
8882
988
1664
6387
1636
2957
9704
5359
241
8906
415
9471
8594
2212
7469
9541
8976
8976
3604
7786
4075
8771
3153
5685
3619
1705
6490
9409
4201
5252
3696
3445
1171
2070
2721
308
127
6192
3208
4841
4523
1705
1613
2890
3171
2369
7689
2753
1972
3789
7465
1916
2794
7327
2330
9526
5093
6014
6913
2966
4640
8630
8420
9148
2390
7444
1755
4343
7893
3682
1597
565
9129
698
8992
1914
339
9653
1810
3165
9648
7179
3098
2556
2527
5498
345
9478
9043
4046
1266
472
1074
6043
7181
302
4664
2119
1820
4639
9916
5460
1216
2693
9982
4315
8509
4763
4508
1701
124
6182
6348
5797
4359
5131
5179
7450
5271
6329
7360
1751
4302
9938
3068
7409
5005
1767
6570
6979
825
6881
5148
6815
2307
5404
1576
3037
2486
6936
7144
3838
4954
2765
7635
4330
5459
1003
2345
8509
9886
6832
3557
371
1878
3422
3118
7507
9079
1831
7653
7373
7724
346
7123
7018
4151
1577
7606
5499
9469
3733
6454
4637
8149
6776
9501
6476
7837
1453
4468
423
356
4444
5422
6104
1081
4669
1162
5129
65
2294
5228
1068
9768
7075
399
4987
7501
2079
1244
6384
6642
7368
9431
5316
6133
922
3148
5149
2414
824
7824
3335
1170
3376
5036
480
983
3061
14
7615
3434
7415
1073
9624
3559
4510
9902
8784
4094
7255
7490
7787
1835
8279
2731
4875
4396
1507
3940
9387
7724
963
6895
6533
9465
9528
1337
5065
282
5591
4251
4601
1849
4012
1951
1914
7346
3893
1130
932
2909
8909
202
2328
6461
8092
1080
1902
2778
8383
1710
1801
3904
3471
6411
8777
1508
8166
2180
5027
7688
2345
2890
7057
8218
4187
2443
2511
3921
2312
2853
9716
5745
9017
9552
9777
9064
7895
445
301
2586
3884
7495
9104
5275
4378
4737
2401
9357
3689
5927
1963
3315
1082
8490
9697
8994
7539
4540
1519
8037
9416
9399
742
7775
5949
4149
9083
3872
7204
168
7237
4715
4731
653
5474
7687
5632
6411
669
7121
3371
3283
9990
9472
1902
7567
4958
6790
7920
543
3515
1635
413
4096
3076
2168
297
258
4944
5677
4505
8648
3517
1509
5703
6877
3713
7538
8587
2744
3949
2564
4915
4658
4585
610
566
7408
7787
9707
2876
3975
7749
7745
3339
5328
9954
504
6170
7286
7745
2958
1645
8672
4935
1341
6288
56
6981
9688
3302
937
4260
9533
1598
4608
9536
1131
2028
2822
1221
4574
5732
7011
9931
4343
1482
5138
4200
7207
7737
2166
5819
6072
7224
1393
8644
9476
1953
4188
5095
1663
1899
701
5117
8912
3531
6542
6944
2912
7374
8797
5543
3752
7167
2085
8048
3215
3704
143
7570
2238
8840
2519
110
5733
2793
9758
2728
13
1845
568
5752
5951
1893
3412
5257
8937
2767
4042
5245
3167
9240
5072
1716
3294
6441
5053
9265
3415
4820
9295
5492
8578
9537
3045
6757
1444
8222
5179
7983
3940
6967
9063
6232
3477
1501
252
8241
2811
853
454
4988
7594
8884
4164
7771
9237
715
3571
7916
743
6562
2726
2962
8386
7483
3035
9114
6063
5668
9198
747
5341
4497
9353
187
6853
4278
9238
5127
6808
2870
1949
603
6405
1275
2519
7689
4560
1232
6390
1202
5936
6682
208
131
1782
935
4248
4006
9720
3795
7149
4469
5669
5062
8615
3977
5068
9152
7138
1807
9341
5460
2513
7844
1671
7587
7753
7525
2673
5117
8914
9272
2340
2651
3948
1781
1603
9195
4868
9313
9239
7605
7602
5806
5763
1641
9983
5185
3821
1175
8663
9880
1943
8638
3425
4522
7933
5325
8356
3140
7535
5828
810
2456
3933
2380
1594
2079
1001
3929
2225
2121
6483
2068
9003
4850
1840
8145
3120
3191
5794
5052
2101
2400
5315
3544
1907
8929
453
6152
9563
532
9099
3742
2856
1990
171
4278
6678
408
5549
8742
7779
3803
488
7782
6822
3312
6006
2572
4229
8198
4226
8481
8324
6086
4197
284
4128
4692
9136
8164
2234
6198
3293
9300
3401
7068
6356
2560
3913
7481
2470
5040
1283
680
3354
5708
4135
8061
9440
48
9834
2908
4234
4428
8960
1856
9609
6549
7712
7856
9703
7723
1310
1681
2541
5723
4831
2429
808
3627
7804
9289
2296
9761
1146
9826
7202
7153
2959
9064
5346
5914
1451
2157
2066
8352
3759
2887
3581
3939
3970
2660
6205
7530
2525
8090
5018
6246
4279
9555
9805
1841
4788
626
8059
5301
5709
133
6052
6561
8244
9557
3315
2117
3531
4693
9788
6404
5775
7554
3470
5766
714
7981
6158
8300
7892
5950
3387
7745
5434
2318
3956
1343
5666
7886
2680
1399
5022
9237
7002
1511
3368
6175
5161
9364
263
4067
5696
4892
3057
8864
1431
9113
3334
1268
5287
5791
4781
6666
2036
4597
1669
7016
6048
9106
1839
9444
9390
7759
4847
218
2848
8589
8852
3606
3667
5816
4500
6070
2007
4882
5997
8052
5221
2459
2688
6278
2367
7159
8317
8344
5041
8687
2741
657
33
6224
922
8058
9141
1799
2507
7808
5531
785
9545
6316
2597
7251
6730
7344
6277
9305
3049
2546
7510
8730
6238
5664
942
4909
2660
1412
3274
9653
9013
9843
5849
4238
7757
4813
2166
2832
2156
712
2832
9985
8330
8598
5452
1086
7837
2144
1626
2157
9291
5409
3466
8655
6307
4486
3721
9466
4420
511
637
4883
3097
4739
3733
7175
8256
4513
9479
9437
1349
4211
8984
8791
8757
4358
1140
9362
4813
3275
2605
6743
6322
3902
5107
3951
828
118
3639
4114
1212
6828
4875
7312
6734
9717
7113
9062
7205
251
7907
2286
6831
2521
1017
2332
6722
5493
2598
7540
1709
4445
6977
9268
3355
1193
9808
870
8525
580
8756
5002
1561
2063
6410
2591
6467
8931
6429
4055
3205
2630
9966
7369
4126
6031
6482
286
1851
5804
9066
9120
4066
5343
5268
8649
8718
1887
1622
9758
491
5352
7439
9418
9981
4872
6734
6960
4488
6600
6377
1233
1554
5520
995
524
5313
8261
8681
2288
7919
5503
180
7127
7484
7150
2575
8897
4071
948
2372
2876
8957
3175
6333
5535
9139
9417
2462
4990
6111
3174
7223
1756
1034
4597
6504
3181
4292
8440
7709
1058
6735
95
8776
9537
4253
2856
9315
1711
6190
7754
8675
408
9892
9993
8316
4355
156
7999
6718
2147
7544
2318
7621
4828
7647
4714
6311
1360
4887
447
3340
7037
6708
1410
2518
1639
8433
2699
7460
2856
2928
8911
4889
4144
5157
4432
4076
2174
8545
471
8493
8684
8140
7544
4707
3932
6053
9695
6720
2970
3605
859
2613
2798
9295
9355
4557
3547
2507
3942
6342
9280
8156
6350
6888
8340
1180
7168
4412
1048
2816
1000
1609
6751
402
294
3400
9303
857
1160
6620
7111
7784
1065
509
3751
1760
1148
4192
7535
9741
6083
1233
7741
1662
2638
9282
3740
4390
9171
550
9122
5769
3
4024
2491
769
3290
941
5081
8491
6955
1364
53
2615
4308
5922
4213
7245
2358
4081
43
2473
3700
6958
6810
8738
1972
6027
6799
2161
9394
7849
2366
2938
659
5048
3135
9610
3173
2881
5183
3788
6619
2050
1476
7507
8045
9714
6938
3390
3319
229
8665
4466
2209
3525
320
7383
3797
3293
8116
2365
6005
5071
1574
9849
6853
7673
1408
9117
3936
6596
414
520
4845
6740
7798
1898
910
9625
2545
5095
5334
286
7297
3339
1159
8496
9727
7375
1070
6856
8319
2895
2194
2023
9365
6992
2347
2136
896
4543
9418
4545
1337
6924
1009
5493
2499
4404
7324
1815
3622
121
9932
2148
5222
6015
9747
6336
3090
2463
7105
5693
2877
6154
6401
2714
251
1848
3931
7137
2093
1051
5935
9
2770
714
3424
930
5887
6261
525
1338
5943
3549
6694
403
7191
2909
9181
8392
4957
8044
4783
7428
208
486
6605
5829
9859
4290
1325
9453
1040
8313
4090
8150
3936
9275
7352
2848
9355
1561
4857
3465
4741
2608
8094
631
6646
6023
183
2492
7196
8357
7425
6249
6615
9887
5774
1060
5355
2134
7631
8349
9897
1336
2065
8850
7248
5121
6052
531
8445
5845
7466
4894
6815
3861
4828
8812
7326
2376
9704
8940
2726
851
7638
5234
581
3709
2472
9483
7757
8444
3270
7717
8485
8493
7374
9991
1796
4558
3982
2671
5523
7086
7908
3237
751
8970
4883
6954
761
8875
8087
5947
834
4625
6857
234
4088
9825
8358
9003
5721
5602
1778
6920
8903
2183
8135
7019
8162
9874
4235
985
5291
8693
7417
3840
5041
8183
1862
9470
7279
9699
1603
4903
5845
7130
2991
1530
7059
5295
1174
1072
3111
8918
725
5064
8492
4595
5990
5220
5975
4385
8975
4809
6089
3975
7640
5666
926
9371
1843
4375
185
8939
4963
4714
9922
853
3604
7717
7174
9349
4083
3018
150
2834
6100
5289
806
1192
7021
8113
4966
5127
3386
6369
8919
8322
2896
4041
8658
5366
347
1021
1209
3287
6156
8222
2759
7902
454
9482
2754
7521
9981
8003
7412
7071
329
721
2285
9731
3397
3991
870
852
7800
4451
9786
3728
775
6237
5999
6508
7612
574
5021
381
1368
2648
4885
2288
5767
381
3271
5371
6249
7136
8374
499
1135
1056
3360
784
319
5313
1738
8908
6939
1005
6686
8002
8653
3360
4961
5359
5041
8017
8542
2203
8014
9278
5719
2463
2275
3423
9555
5345
8463
3049
3118
4777
5797
7370
3219
9213
6603
2248
305
4149
8237
7990
9640
8574
5631
9800
390
3262
5450
1935
9241
1989
4181
9913
9793
3919
7202
3728
1431
7334
9802
70
6421
4373
4450
9647
2299
952
280
7667
903
4295
5685
6037
5107
2818
3524
6845
8781
7910
4709
4525
9374
166
2354
3098
8827
7881
5525
8629
3994
8331
1043
3453
5718
3942
753
8060
4098
7422
9878
2949
7526
9210
2327
3184
6927
6627
4839
1093
2484
5179
1566
409
88
5694
1277
6764
606
6872
2286
6770
3281
6774
3034
1477
4656
1158
8640
2162
4090
488
8073
7893
8110
8757
399
6172
6489
2593
2086
1142
1194
4834
308
4217
9600
9940
2821
8428
2132
9102
9205
2545
3229
2383
9141
5548
3034
9645
9399
4448
8088
84
1720
2878
2009
3576
793
1374
5092
7992
9806
4761
939
937
5612
3219
600
3456
9448
8728
318
1207
4300
7110
6762
7024
185
357
817
3670
5858
2818
1597
9606
2057
9718
3666
4356
7947
8325
8786
6131
5999
249
3189
3414
2238
1305
4168
2631
7172
3755
4385
5732
9061
3607
2650
5335
3024
77
5061
7463
1026
744
7000
1433
2004
921
5688
57
684
9536
9230
7805
3491
8937
2837
2165
5283
4736
4510
6560
4702
1339
2703
4032
1030
3078
5652
2068
53
5502
7041
5532
2682
6396
3677
4667
3273
8911
4261
5780
6711
1034
2561
8669
5703
1447
1147
7764
333
2266
2891
2061
6812
6668
524
3963
1834
4699
5187
5828
8512
1194
1320
8814
8146
9134
9841
6686
5873
6567
9583
9137
7594
2891
5749
5208
2273
7954
4717
584
3078
1065
374
4901
4598
8937
2130
3132
5878
3932
9248
7002
7790
8792
7742
2992
7936
3893
6911
7735
8661
5558
3309
7642
1286
4644
5283
3956
6102
9155
9358
1044
825
8122
3226
6620
5541
4053
3453
7896
7624
5339
1370
7331
8878
6967
7727
273
2856
9427
4764
8744
5992
1034
6879
8739
7848
7645
8183
7951
7380
2529
3573
7728
5159
6133
5097
3178
5448
1995
4692
1663
143
5813
7631
5923
6915
2340
8537
2837
9449
52
1786
958
5515
1285
3078
5461
5267
8119
4415
4083
684
1765
5761
8713
5414
6761
6666
4688
3826
220
6356
4833
6623
3816
5052
1182
8799
9688
1511
4847
1077
5060
4019
7934
1312
819
374
8731
4342
825
4246
4370
1217
4855
7961
8214
3688
9693
2812
1218
4153
1694
9648
5386
6998
1019
1049
3117
4570
75
8057
756
0
1458
9504
8526
1915
3294
6889
1663
9804
9684
4722
8986
711
5920
5675
4568
6950
4716
7588
9093
8792
4243
6783
9220
1302
7725
9315
8253
693
1288
5420
5305
5971
6858
318
9566
8395
8593
1045
8589
3583
5541
4063
5669
5224
4079
9543
9095
1039
645
105
470
882
4169
1223
1428
4625
1446
6651
2745
6228
362
1291
3593
7870
7675
8676
7703
5138
4058
1854
9884
484
2219
5016
7501
9104
1844
2097
1011
353
6118
623
9293
7673
5024
4696
9539
8734
1370
7076
3017
144
4418
5154
3398
8257
209
5629
3565
3650
7709
4607
5327
9620
1140
2486
1199
5206
7196
272
9544
8350
2587
7786
5462
6306
3878
5544
2109
6102
7364
8475
8608
3452
4725
240
9460
2509
6187
6897
3184
9349
6062
4271
8961
454
6354
1823
6376
6131
5313
6814
5191
8791
665
73
8578
3856
1332
4017
2084
8648
5901
8304
858
6135
8143
5950
135
3514
4795
4976
2938
6171
847
6799
6300
1280
5284
5358
5287
1336
401
3504
4997
5024
5065
6475
7881
4101
7008
4990
3554
8386
7523
3172
6424
2398
3430
7390
7926
1603
2534
4258
5999
8518
9450
6058
9091
8635
4566
2160
452
8952
843
2256
8340
4566
5407
9556
7850
1936
5031
8004
5904
7205
3876
9417
1713
7940
8558
3870
4597
7677
661
1112
6793
637
7539
3277
528
3170
3273
182
5864
4100
1464
6386
8745
6076
7801
4471
851
3788
24
5269
7514
9116
3252
4154
9346
2974
3309
7737
9799
9174
8340
4716
753
3784
5681
5652
6024
7107
8047
8815
8413
7682
3278
4846
4650
7216
4204
1463
8063
8539
3664
2464
2117
1910
6272
4243
4303
6011
9398
8686
5579
3246
251
3123
1684
8044
7832
5409
462
5345
9978
3373
5817
3498
5694
9655
4911
8182
6131
4058
2413
7478
7517
1685
1271
7822
9832
9417
6849
1319
4086
6041
1002
5539
9215
9445
5840
4395
8752
2730
377
4723
9467
7272
3075
4267
6521
5974
2666
9658
9292
3055
8851
4923
7446
5732
1262
7177
187
5938
222
7875
9820
4876
1502
345
4215
1555
5592
3284
2348
1294
3571
2253
6312
7703
7549
2310
4520
2958
4428
9514
7083
3991
7017
53
8692
8191
1136
420
7715
6457
685
6117
7695
1970
6443
9547
9035
3433
6991
5481
4658
30
5920
7810
8189
8282
6642
5276
1756
1581
8306
3846
662
4505
131
4152
397
1200
6823
4963
7488
3594
645
8597
4362
3407
2926
7905
4258
8338
6112
8498
2416
1392
1543
6666
8988
4320
1207
7777
7972
321
5242
1520
2208
5321
645
3043
9513
8312
9090
9554
4742
869
761
3982
6771
5671
724
7638
9272
3207
2827
935
5173
6389
8561
9975
7132
8323
9083
387
1929
1963
5429
703
9304
8276
5207
2602
402
1885
9804
9037
5626
8158
895
2506
2579
1459
2705
6477
4992
9382
5381
6242
30
5463
2243
5395
8139
8290
6540
226
2909
9295
2859
7347
7162
844
9453
7404
1392
2667
4649
7147
373
8206
3805
1584
7788
9795
5119
3770
3840
7617
2016
1954
7662
2623
5839
8170
5548
3420
6628
8379
2851
6747
8425
2569
472
893
9372
8762
1549
6686
2120
44
5978
6346
6953
5717
7190
6247
5630
8932
6935
3674
6000
2787
8569
8778
1793
2836
6591
4064
1742
4775
7102
5108
1835
4153
2181
4760
6232
6431
5448
2788
5183
3525
1244
5030
6497
6808
7870
6674
751
2113
4885
5039
9223
6138
5629
3250
9514
70
4868
5936
727
9256
9151
4879
9286
9111
7977
548
15
4890
2119
9121
1959
7153
1892
3835
3778
4897
2178
9047
6699
6109
9706
2643
2608
9163
3375
3865
7893
1993
1946
3508
986
5600
6132
3817
4630
3021
7023
3426
4854
848
4274
9394
7057
4491
3789
7496
9375
8928
78
7230
4772
9569
567
3057
8433
7010
8138
2208
4708
7824
2345
490
6411
7919
5146
4546
5699
7012
6002
5531
8252
5432
9973
8165
4454
8955
3113
8301
3921
2873
2182
5594
242
9482
8550
7740
8369
8711
4438
4567
3211
9537
3854
3312
8553
8569
720
749
2905
6087
5071
6972
4874
2583
2406
329
6920
2233
2104
5280
2711
1788
4188
9172
5784
8903
5673
805
5795
7516
7369
5572
1843
1271
6170
6929
2119
6738
5961
743
6012
8309
3846
3336
3838
1654
4384
3698
8700
5690
2798
9021
3445
2722
4101
998
5601
9503
3398
8671
9341
5463
6876
3111
9645
3297
6507
4866
5767
8185
6026
2450
3167
5311
4417
4920
5940
3028
4834
1326
1101
313
153
9116
2460
3024
9055
7164
1302
9700
664
3823
1420
407
8070
7609
4667
1558
9596
9567
7514
3128
6772
4468
339
5183
1978
7883
4573
8017
8752
6421
2412
3366
9025
1661
8158
8486
7478
2491
5736
3151
7416
8056
2768
1991
8189
5752
1354
7534
4810
9099
4620
6661
2967
5835
6085
4651
2563
2054
7583
8467
6670
8455
6728
9896
4258
5524
3659
5954
8910
3630
9086
6916
53
9412
7016
6512
170
6448
8747
8831
6300
7638
9746
3944
824
5657
6135
240
3331
3888
8686
3319
6583
5762
4802
2989
4344
5231
4624
3109
4578
7898
4030
532
9680
6566
1902
6915
4630
4585
9631
3402
4276
9444
6652
1458
5173
7605
4156
1367
9196
1693
9735
4972
3627
867
2946
1200
7623
3450
4520
286
6805
8378
8932
1533
8075
8588
7118
1232
4319
6055
6719
1688
9122
5938
2925
9065
2320
2816
6449
5524
2562
2996
2748
8718
9434
4720
9361
1313
6059
6488
6536
6092
7549
4600
1534
4292
6881
5531
2212
8838
3026
6341
6778
7745
4
8555
3715
1451
4836
1920
7560
2302
3105
8331
3994
1368
395
561
7863
2142
2695
2950
4218
4261
6489
6493
1744
8858
4805
5927
9182
614
9846
3338
3418
5586
3597
3779
8435
6040
1618
4164
1775
4618
9271
8201
6453
3298
6059
2064
3203
4960
4409
4590
724
6673
519
2952
5189
8327
5797
985
2323
3480
6759
854
3008
7103
1544
9905
262
1719
1849
8965
2812
1002
5514
426
8020
2804
4796
2365
7368
4291
3225
8765
1518
546
8751
950
9359
6681
4339
4786
689
4468
1067
8020
5794
3371
7467
2986
9853
8347
6018
3421
5575
8012
1950
352
9182
3044
7501
8657
314
1799
8660
2623
2731
8970
248
5981
3770
5378
1705
8809
2546
9618
3912
6450
8069
5502
3675
6938
1197
6225
4804
4845
1849
8100
2439
7414
338
8095
8733
7270
765
4468
1175
85
2778
8798
7459
4526
9953
249
9053
4450
2916
7248
7615
4136
9907
6659
7378
1752
5171
4985
6848
7654
2891
6403
630
6838
8829
5332
1643
7319
1636
6642
1515
2118
4713
5241
847
5173
9792
8818
6392
8364
2549
342
234
4338
3627
8690
4826
1352
863
559
6157
8913
9738
1481
6653
6616
5267
264
945
669
2525
3863
2044
1653
272
272
1596
3495
5270
7527
7472
6215
967
4019
4607
2420
3599
8206
51
6357
6429
9378
5606
7516
6947
1502
7884
4824
8968
1802
2997
9054
9424
4253
6119
7349
9196
5273
3146
8430
993
1265
975
8827
2437
5151
1480
6825
5854
2608
147
8668
1782
5011
7160
9117
6084
7656
5301
8508
2426
4095
5276
8686
8959
3794
7811
9967
9496
6912
7852
6949
604
4177
3409
401
895
1908
6891
9896
7707
442
872
1094
1941
1986
4967
5917
8919
3246
4993
1639
286
2733
6151
8244
5031
9871
7133
3237
1672
348
8160
193
3525
4262
3510
9309
7086
8777
6620
1510
943
8464
3844
9277
5940
3269
2869
2666
8962
6038
5820
9147
5396
1129
4748
5239
5742
5260
5464
3302
2499
7364
1404
8985
6951
8383
2937
2392
323
6335
5658
638
4697
2386
3352
1625
639
7590
2735
8346
1340
8455
1076
3564
4744
5422
3715
6704
1409
996
1395
3231
8267
6019
8949
5078
2536
9187
3432
6670
1395
1278
1559
6685
2704
9608
6898
9981
2352
5344
1070
840
3421
4170
8390
4455
5297
6351
2373
646
6889
4994
6742
4562
7882
7237
6679
5012
4120
9401
1387
7900
8886
3067
7230
6784
9181
7553
8936
6440
1973
8495
8808
1228
7774
806
5347
8029
8616
7476
3048
2507
2043
5648
8667
7647
3400
9893
3035
2121
2545
5044
964
9661
564
405
3904
1689
5952
9764
8399
3182
6568
4495
7794
2175
261
9995
6211
65
3062
9272
6750
495
6286
1378
7796
4537
8424
3730
6779
4630
7829
9844
9017
9186
1680
3953
3275
6299
8742
6851
8776
1429
2904
731
7628
7125
9218
452
2315
3337
9356
1945
7693
9484
9406
7081
887
87
1370
7804
9652
461
7617
6296
3517
9277
383
4852
9292
2549
2762
5038
4301
7639
1025
4402
5600
1106
8162
5682
7279
3026
4950
6943
6390
3495
8453
7041
8036
5214
806
3856
5097
6945
3733
8749
1193
3709
1502
7819
9228
3652
2581
9506
9863
136
3692
7250
1401
388
407
966
7446
19
7056
92
7092
3760
183
6452
8648
2909
7592
5711
4062
3142
4442
4935
3290
1311
2736
1513
8419
8984
67
8509
9505
5249
7069
9120
4018
7064
6138
9993
7659
5259
5805
7238
8448
9625
9782
2435
4891
7609
8887
482
559
9810
7297
7269
8163
4130
6945
6263
3723
1304
9805
4687
7898
1777
5155
3662
6629
2482
2079
5132
1663
5770
3524
1068
8570
3515
1546
8306
2676
4373
7127
5780
3957
5609
500
2562
1130
5646
1190
3787
1360
9727
4102
8799
474
227
8436
6549
2773
1928
1922
1978
6672
6553
2091
3503
623
8332
1030
6439
9653
2151
7514
6060
6935
644
9492
8135
471
5189
1148
7379
7669
7536
8775
1095
6427
8079
2209
6367
5425
5008
5311
1603
8526
5460
6564
9217
6469
3225
2407
9410
9219
1722
9824
5353
5481
3548
6187
8673
7312
2685
3456
5507
9105
88
7858
3875
3323
1588
4088
9780
8243
9639
4797
1740
516
7114
4060
5632
3903
3982
9146
5670
7154
367
5490
4895
5459
7747
4032
7907
5491
686
3875
7319
6610
8328
3673
3069
8804
2199
1620
9298
7381
8341
9965
2376
7275
9309
7305
5271
483
8845
6767
9276
1189
5015
4789
7867
7945
9479
6711
7849
594
706
3088
8699
3327
4697
3931
5683
7913
3802
8069
9462
9064
3085
7568
7029
2556
8899
9324
3037
1578
1639
8827
7025
900
3047
9339
7962
741
3912
3972
4269
6122
7761
5489
2856
652
5695
8763
3075
5859
7530
4894
9255
6694
8005
6326
9333
1925
915
6347
7658
3535
1046
4181
844
357
9632
7850
3543
4491
14
3183
7905
5388
2406
6505
6685
8743
1009
122
8190
4488
7165
4320
4604
3217
5860
3768
703
8778
146
5484
1123
5866
583
7678
8760
1854
4818
3495
5508
1927
281
7431
1350
929
4550
6971
5346
3125
3732
6906
1047
3216
5619
13
1016
8620
8125
2374
7611
6093
4617
1668
3013
4860
4468
8306
1604
7502
6565
501
6744
2133
165
6624
9430
8640
8597
5404
2489
492
6987
5562
9165
4065
2774
304
3145
7385
6371
5424
8563
6896
4340
2357
439
7276
2875
2376
1809
3585
5151
6470
5035
7026
4896
4323
1157
1621
7922
4847
2480
4929
8781
1539
9089
7981
3173
7809
628
5565
8691
7065
399
5493
2330
7224
1464
754
1524
223
1075
3991
2347
8549
6618
741
4975
7914
623
8870
8082
3998
501
4172
3599
1223
2978
8852
2995
768
7173
3562
2092
6155
2281
1170
1909
4719
7515
5153
8238
602
9028
9322
4793
3686
111
2739
8972
964
2009
6255
2966
8789
6908
7334
9643
4408
8303
1322
3412
9820
3935
4159
8870
8642
9758
9239
9490
2758
1305
8164
1866
6840
3181
7648
9277
4438
5599
8748
7520
4755
9746
2244
3470
3151
9025
7715
9456
532
9354
1197
8991
4745
272
1972
8749
4711
8404
8375
1399
242
4922
8771
1526
4726
403
8483
5614
5456
2211
5918
8168
3297
5930
6203
2870
9447
3717
3085
6460
3405
4440
4904
4600
977
7782
9843
1327
267
2667
524
3638
4990
9937
9436
5206
861
6493
4594
3222
1256
8052
9063
4587
6524
5113
3944
2803
9945
4421
7623
8572
6789
7679
9944
550
8269
8241
4480
948
3496
7205
8331
3966
3590
4976
5483
9527
3934
9621
4749
337
2141
2482
4576
9933
234
7781
8882
358
9907
5539
5555
1110
1096
2090
9901
2722
2545
2270
225
1491
8524
6076
4110
3644
4312
472
8116
4243
818
7275
5794
1221
5492
2994
4040
7763
7824
7696
9942
8549
7513
8691
2220
4179
1612
888
9145
6455
1897
4529
3294
627
8140
3739
6850
9327
6958
4509
4657
9117
1419
217
8094
3075
6626
1950
9466
8095
8434
8718
8526
3963
7206
8914
8974
519
7483
9145
4526
1307
4101
5867
6103
199
8321
3160
3382
6073
9577
6739
5813
2317
1452
6287
8301
5611
5961
9381
627
8653
4919
6027
7303
2591
479
2590
9539
4424
980
3345
6820
9663
531
3046
5560
6209
2167
3043
9593
4347
1561
5196
8576
1918
9914
7309
9646
6648
9410
5241
4827
6381
1810
7029
8097
126
8827
5612
7143
9249
3793
7409
5911
9755
3226
9730
9288
3172
2523
7713
8126
188
3246
1153
2652
2468
1258
2310
1135
6081
1905
3686
61
228
5714
2833
3337
8186
3838
2898
7573
6924
6052
2562
1428
8481
7436
8098
6240
6162
3089
8203
237
6471
9392
8493
7972
265
1562
2293
8998
3248
9305
559
4705
9255
7825
4943
4281
9856
8740
9625
413
9911
3102
2201
4300
3365
8605
170
1008
8552
3207
7356
5068
195
3255
9274
9838
5285
4330
3068
980
3967
8255
4299
8810
6887
2573
6421
8082
502
506
1302
744
7331
4278
4989
7093
5844
9101
573
7751
1252
6284
3841
4457
8759
3329
3683
3769
2682
5857
4386
6135
7991
4358
9999
9622
4142
7468
4331
5243
745
1581
4609
6725
9087
6219
6769
9903
825
8323
3512
9631
3302
4156
3205
209
2535
4670
7920
6690
4811
5228
186
3894
3667
9853
9019
3790
7709
1317
1273
1701
2137
2557
8572
1435
8251
3234
2349
1604
6462
193
873
9083
5116
8172
9331
7667
7270
9982
3232
6502
9591
1875
1663
1587
6681
496
3155
1731
6687
5325
4627
685
8794
2791
5340
7898
906
8561
515
8619
978
4048
1676
5750
8382
9833
9595
9008
8040
4216
8379
1743
3925
2596
3768
3970
4974
1592
8372
2687
6671
7
8295
3656
7435
2743
1516
6659
2191
5483
6301
5423
3519
8451
3356
885
6723
4038
8938
5253
9502
9202
6772
8246
6677
6477
3997
6627
1489
341
3422
9895
8372
4977
9028
9171
7583
855
425
2244
5368
4678
1129
4954
7220
1557
5427
9055
156
456
9713
2523
9372
3021
5497
73
5053
9469
7988
3133
9188
756
4387
6978
9197
4321
7971
5523
2159
4783
4793
4872
7952
8918
6283
9573
3588
7631
1769
8028
7329
1324
5726
6313
9589
9369
2098
8133
5831
7386
9694
8307
2686
9506
6832
4675
6767
4095
7825
648
8895
1523
528
7652
287
2400
3340
5696
1230
2256
5023
1026
9831
824
313
3879
607
6438
2253
5646
3232
9711
9104
9345
5514
2759
8646
664
6863
4788
6627
9946
8828
8789
2440
1768
8444
3807
8664
1974
2918
449
1473
9705
7972
9776
3851
4191
5915
4056
109
2098
3420
4574
9470
6089
8530
4914
960
8114
6796
6222
3267
6435
3265
1010
4762
3082
3335
156
5105
8715
6774
5523
2281
1687
3001
9796
6165
6188
3076
6458
4610
7604
7513
3193
9751
7446
2517
4566
7757
8978
3217
5489
4755
9356
764
4674
7625
1652
7701
3528
1600
6352
2527
957
8565
4047
8692
8336
2328
6445
4997
1439
6236
6752
8745
2297
1425
8002
9436
3873
5003
108
8925
3418
3838
2096
7603
3133
4938
7613
1813
817
3357
4760
5009
3691
3300
1182
3428
7760
1959
8240
2278
7689
1514
5568
8944
4047
1064
209
7498
987
5329
6702
957
1296
5494
5156
6724
4344
8635
3137
5204
998
6388
4353
8718
129
3243
1820
4194
1785
3770
5985
7794
9267
1056
8280
9414
776
7489
8239
6398
4450
4436
5503
1440
8355
23
3657
9862
1125
3701
5560
3380
1533
3105
6028
5599
5771
4054
6917
5474
3106
6771
9406
7329
5527
4997
9570
4117
3607
4825
1402
4111
1237
4072
6485
5081
8167
274
7280
3064
2781
714
8927
421
7817
4029
6316
6170
7293
1366
4293
7275
5302
460
2837
1993
988
7057
7073
5711
8629
6084
3059
5744
4938
2286
3434
9991
4697
1523
5292
7939
1322
2466
2178
5693
4724
8004
3581
9068
494
9579
7356
8517
1625
1591
8230
8236
131
9945
4031
9104
1244
1713
13
7984
4395
7793
2281
4292
1139
4091
9630
4643
5618
7067
1462
2579
7900
7863
9364
7584
8449
1657
9343
4388
2042
7604
3833
9268
5733
5558
4976
9988
4014
4919
5495
4713
8362
4400
1254
4919
5356
7421
4779
4145
8860
8822
3814
6974
1579
5473
2467
9359
4980
6851
9261
5036
60
6270
2044
6785
7249
4318
918
2571
1099
1907
6601
6183
1455
8384
1901
9872
4336
6206
8577
148
2180
8244
6580
6203
5810
3398
6589
6987
4804
3472
3460
9661
2417
3393
8680
4763
9065
5264
3162
4566
4778
861
2391
7136
6088
7330
1831
6069
3331
406
677
1321
2496
1073
42
4038
1034
7213
1257
1789
8452
2644
2911
2202
8844
2342
6070
5347
1882
1836
8543
9614
8391
8427
5906
9409
966
4971
8980
7094
6680
3451
9701
6871
4286
4713
4601
3979
6711
5701
5021
6687
3281
7743
4217
9501
7985
6958
1779
6546
9565
8636
8317
1181
2535
9578
6738
9153
5723
7989
8679
5750
9313
9399
127
75
1075
977
3760
2775
1885
4173
9643
2327
5368
761
7962
1065
4930
9359
4110
967
5366
603
1515
6533
7322
5427
8081
8594
2545
4062
1419
1964
5108
3001
5129
3440
8121
7854
5509
3439
71
4107
5515
7120
7684
6278
9584
8667
3736
2219
4849
8444
1269
9579
8936
4460
9567
4543
5309
4347
6853
9056
5901
2383
5838
2433
5151
6915
4238
1094
4058
2848
7325
8306
25
3879
1948
2508
7648
7980
4983
6965
4896
7641
3363
768
9200
993
5900
8991
6770
6275
5565
2965
5901
2860
9112
4724
1133
6110
9352
4283
1466
9065
1282
7359
1069
826
54
7222
3839
3743
7752
8264
564
256
9164
6141
5625
345
5114
5733
6073
9960
1279
3674
7555
2833
6723
7728
7331
4561
2299
6559
4638
6114
378
6750
960
17
4321
1093
9179
9699
9295
7422
6151
3191
6033
5100
5954
5460
8680
8826
2472
8728
3883
8123
3093
4911
4338
638
5022
6803
4438
4410
5040
4682
2690
1600
6266
5926
4477
3401
6553
4404
1358
5324
9326
3127
6586
2936
2493
8052
664
3020
8015
2666
9887
4758
3775
6396
1658
8241
481
2752
3872
2181
2094
9047
1280
1107
506
5302
830
6064
4804
1193
9840
4255
6516
4068
2636
1635
4119
4909
7472
5055
9326
531
9312
1804
8715
3867
7765
4455
9461
642
2129
9702
7656
9461
6686
5103
374
4642
3177
5634
9844
371
593
2482
1484
197
4214
3227
9858
2282
7423
7740
2618
4165
8537
9394
8506
2752
3210
9268
7655
6948
7636
3512
7990
4094
506
4377
5421
9514
9265
865
6370
2907
2562
98
3936
7117
1228
3092
659
9181
5305
842
469
8930
3820
7897
1278
7179
701
8174
9481
4023
7087
4766
7631
9243
1126
1707
4703
8319
6174
7974
4956
4328
386
1344
3990
8574
1420
7175
8335
3933
8589
7571
6936
9246
8330
6956
6905
6836
6479
448
8201
6508
3842
1002
7426
639
4465
6923
801
6029
9859
427
433
7341
5557
8072
9473
6188
6992
1855
3141
6009
9899
4908
3231
7537
3256
4849
1578
1402
1151
287
5812
5101
6329
6608
5186
2763
8165
4889
9136
4186
8944
7247
3417
4883
9067
7431
8060
6964
353
5771
8138
1222
7727
6420
618
190
8876
8819
7806
5968
3359
9000
4331
4649
8033
7087
3631
7487
9734
7704
3492
7463
9887
7348
8614
5118
5792
5156
4088
9323
4918
4545
8295
3842
8675
1487
7652
8840
8273
5733
2002
3717
9964
7765
1270
2103
1110
339
6094
548
9977
2057
4070
8187
2112
7800
4501
2484
7059
8264
3339
5951
8807
9294
4625
8171
5285
8853
3581
6464
9961
8692
5687
7031
7188
8072
1726
8238
8611
1755
654
7300
7613
5036
3020
9914
1546
721
457
3544
1585
4752
3179
2323
4504
5116
302
989
4548
2044
7762
115
7828
7085
4269
3408
5004
6644
4994
3704
9442
1220
1645
4505
2692
3561
8274
8079
9485
2512
252
7921
4885
2745
8068
9648
9611
9275
8262
9898
810
5714
8317
5026
1369
3392
7051
1472
742
8637
4860
4190
99
6011
4044
3938
1354
1511
3429
7938
8614
6349
3118
88
79
491
2045
4531
9700
5391
4795
3209
9124
8881
7841
4186
6627
4752
3519
4977
4986
5956
2964
9257
6905
2032
5166
4786
5875
1574
8692
8125
7956
1283
6584
53
3840
4364
2875
7411
6885
4874
509
1414
2705
1418
2568
9160
9907
5992
8762
6534
1887
7964
9598
9197
9447
3462
6133
1548
7900
4933
3501
4770
9234
6112
9639
7450
5876
9951
6558
5810
6367
7590
3402
7283
6404
2049
74
6257
3423
5491
691
3134
9364
7065
1342
1979
1353
8079
1434
7494
815
9544
6113
9593
5973
8491
1510
9463
9955
9117
7376
323
3030
3239
5421
7978
1252
8752
5421
7562
8588
4793
9710
9969
7510
3612
2462
229
7795
5495
7442
9458
9274
4404
7572
9625
5554
212
5641
9493
9957
4894
2496
9274
4835
551
9822
8452
7962
1425
6697
5400
5182
9376
9102
6638
5179
9660
6085
5928
7886
3490
5393
1485
511
8069
9822
9423
1567
255
2851
3107
3324
1894
9515
3117
2606
4397
9278
602
208
5278
9224
1932
2324
2104
336
5316
4622
1015
7274
8079
3660
532
9069
5003
2329
6387
1068
3036
6788
5315
6663
520
5210
6975
3902
3857
6986
9153
9281
6987
6956
4004
2786
1316
3301
3651
7677
5003
3377
3352
3630
3115
7182
6317
634
8622
2856
2308
4214
380
3265
2847
2603
9316
670
9788
9900
5030
8597
1041
3308
804
3757
8227
6865
6350
7055
3307
9646
3013
757
7658
3783
6738
2553
6882
3642
864
9651
4155
1429
5618
6019
9370
6703
3872
5007
6626
135
1663
1910
5201
8945
6674
719
3410
339
3488
8523
1380
2688
9043
1339
1013
5552
102
323
6385
9548
8153
6366
421
2474
4744
6679
612
2533
3522
6206
3179
4245
9541
2552
774
5357
5520
1297
5508
8981
678
7133
5868
3138
2974
5712
4742
5743
6014
7460
4040
7301
5522
7211
3500
3406
4794
1133
1975
8051
7611
5054
1511
3720
9350
5258
1384
5685
9001
5819
6931
5734
2742
3224
8546
7907
8657
9302
7913
177
9703
2321
9548
642
9555
1463
5603
3913
7707
4987
9792
9199
8027
3790
5200
1555
4536
4294
3104
5417
2994
1838
8644
3420
6220
5595
9721
8943
6898
8813
5234
9291
8876
5663
1301
6364
2115
8314
7561
5589
4141
6308
688
8307
9633
4325
8901
2956
4570
8290
7957
1709
1210
6826
6541
1654
4443
7951
4398
8313
7780
9689
5451
5514
8039
1876
7769
1299
1220
7449
1760
258
378
4713
974
4766
2260
8847
9340
2332
3920
7773
6029
1924
4215
2132
9617
1304
9325
8342
4677
2945
3487
9970
5311
6528
519
5525
5135
7845
8708
4355
3126
6044
4096
4284
9965
5997
3547
8197
7705
2841
8220
7418
3014
4741
5563
6282
4196
8144
3063
3216
7307
1852
1772
9449
311
2097
5356
4526
7444
2432
6052
7683
9621
4990
5713
9545
2654
6772
8513
5165
8839
9826
8677
6369
6471
1086
6953
4229
5310
9104
7170
5371
2557
7833
6886
2248
4693
1979
2360
446
9770
5374
4653
7922
8667
915
6706
5540
7713
8100
2681
3625
7630
2028
8628
808
9399
5213
96
4296
4229
5089
5691
1202
2879
711
5083
8422
3446
5734
8628
4628
7411
8074
7875
8643
9166
6574
977
6187
7137
242
7854
8416
2534
5665
9232
28
9966
4704
7669
3485
4130
9750
2204
4729
9122
8132
696
560
1906
4928
2413
7022
1143
1003
3440
2406
8578
4686
3471
3998
9936
3016
1693
5585
2784
9229
5282
3966
7068
5605
6093
6536
7385
4554
4353
3541
8774
7715
4149
3200
6738
4172
3406
1103
442
1831
8652
3002
9671
6039
5072
9143
5384
5311
5216
1373
115
1929
9467
5225
4350
9680
1989
2427
1114
5706
1252
4049
5007
855
645
8810
3174
3230
9392
8752
5976
5245
8715
3409
4002
6344
3687
6554
665
8865
5794
880
1977
2176
9457
3025
9928
4870
1889
8013
2329
2526
262
6662
3773
2990
2263
3389
2283
8671
3366
6855
4009
9708
6105
5755
5971
2672
6849
5079
6677
9568
3760
6490
131
2982
7306
4445
8040
6958
9196
7296
7215
9246
4925
5464
1269
2390
8437
1721
6317
1277
9029
8432
7407
4052
936
3254
3952
8398
5133
4439
2382
2103
7559
8061
1623
8781
6631
4429
133
2847
5233
7912
650
6878
9487
1795
5251
3371
9727
359
995
782
8385
6022
5878
9407
6617
3948
3641
9780
9846
7577
7190
1871
8742
7129
6873
3921
9261
2499
1122
423
3022
8307
4036
4912
9173
6082
2031
7696
4637
8266
8135
5841
698
9097
347
1722
4821
5309
6242
1318
4640
344
8627
2689
212
6441
2517
805
1110
7975
7767
5377
8289
199
6747
2026
173
1074
9418
7468
6995
6528
7638
4839
7449
5384
2342
63
2645
1387
9398
5162
9202
2725
8311
5653
8065
4006
2368
5106
3829
2157
8782
7075
7868
7250
8038
2123
4402
281
2019
2907
9219
2853
2783
3267
3808
103
7364
4794
1824
2194
1438
7542
5685
3424
6914
291
5782
8865
9448
2867
6767
4367
9137
2852
6803
6704
4390
2820
4619
1683
5061
2699
3771
7765
6923
7173
1700
8847
6725
3720
2826
9392
8554
5483
7681
4166
6338
3818
2874
9402
9350
4458
6584
1396
4964
3852
6463
3767
1856
5610
226
4810
4254
6997
7283
8584
3223
7142
5482
1808
4694
3839
1296
9583
3003
1352
4861
6113
9512
3732
3598
8731
3864
7727
2174
6309
2890
2454
7176
3352
5840
9105
7134
9901
3665
3458
6598
9579
7052
1818
7669
8976
1697
5884
9577
6708
4004
7472
858
3446
2882
5164
9386
2774
6389
9413
7120
2344
9266
8662
3853
132
7223
1525
7258
6673
5786
4445
5601
2640
8480
8849
4029
9849
2644
1530
4223
3523
8518
2669
3038
9696
2068
3224
9200
9643
1210
2298
3606
659
5762
3489
3659
7207
4298
6491
7801
5681
5328
2084
9461
2119
3026
7398
2963
2895
9761
235
4761
5445
4191
8176
8151
3194
6532
7377
7296
1824
520
7801
8223
2326
1617
5013
3237
537
6118
6849
3048
3947
5248
8188
1837
5909
4644
9074
5171
8949
1481
5288
79
3502
8012
1548
898
8107
4178
5797
1196
9032
5224
985
5265
4334
2597
9962
3069
4542
6733
6444
6349
1208
4585
5135
6689
3459
3473
33
5485
3004
2853
4478
3639
5790
6812
7027
1155
6947
6954
5027
1478
5470
7125
2744
6186
2483
761
4361
800
4216
264
5721
2279
9703
5013
6177
363
4030
6174
6101
186
7166
8227
4388
6404
1835
6718
8100
5531
199
8518
9540
3604
4692
9646
1170
7484
6444
1596
8759
8693
4605
9504
6183
1832
8635
6330
1150
9203
6076
9285
4600
7450
7432
4834
2968
6902
1640
2352
2362
2678
9889
2601
1001
2945
3974
4374
5715
6805
646
982
9093
4558
5270
9065
2424
2186
5276
3655
2007
4190
5806
4872
2033
1107
8043
4434
6262
1134
9465
2127
6715
3961
6293
3238
1232
3827
6213
7428
9593
8702
2265
2440
1217
2527
353
9745
5733
6665
6261
1140
3804
4769
1353
7028
2159
7713
2772
2194
4991
5134
153
1517
5113
4521
2549
1062
2573
2712
9992
7108
1472
9971
625
6543
3500
5418
3229
5781
1729
5730
6043
671
2396
1090
8475
7759
4228
77
7663
7788
7880
7042
3122
7309
4718
5689
1763
5292
5772
1189
8259
2704
3980
9542
1379
8826
2084
4595
2751
2214
7950
7146
1890
4540
1062
685
8206
4532
9247
5343
1033
5472
5010
1580
2493
5500
4605
1540
2867
2434
5651
5729
5076
5464
7216
9919
6191
9
8033
8650
1425
952
1058
380
2323
7884
5566
5680
9644
9241
3327
4418
2413
3916
7364
8236
9384
388
1736
5742
9990
8380
3754
6350
9869
4519
7286
958
6345
3422
8430
8556
3606
8811
7378
9612
6241
4868
1789
1334
724
7698
7337
7399
2857
5376
6181
3712
3467
2395
6244
7990
1696
8501
9885
1542
308
8861
9164
2745
321
6987
6229
1660
1123
6747
1453
9152
727
7436
5011
1558
6984
9431
8752
7971
4812
5481
4782
9859
8282
2435
9057
7518
8750
1269
8592
6094
3409
2489
8669
9089
2557
6924
4606
8461
6419
9542
9835
2127
7481
5872
6133
7734
3867
3707
3690
1233
9963
1996
111
2289
1916
3591
5722
4069
183
748
8517
1396
6214
584
4938
1665
7086
9379
8131
4567
205
4633
1119
8359
9001
37
7970
494
1243
3803
7365
6634
3901
711
9043
6786
282
9699
6654
3356
6118
2901
871
3267
5472
2112
2955
2865
8746
7689
1906
4811
6747
9977
2346
839
6981
9374
9269
4685
7394
1218
8761
7704
6719
2335
5396
8325
5553
4907
3882
7636
439
949
4122
4189
8232
7443
2248
1648
7604
1752
7911
6040
3241
1104
8073
407
1502
7760
4169
1429
5750
5266
7853
6250
4629
3081
7148
332
8788
1750
5622
7101
3951
4730
6620
4373
211
5229
8855
5792
1881
4688
3328
5100
7529
5765
160
2990
445
692
4653
1355
8069
4970
6060
4521
8387
1825
4331
3549
7335
3017
5987
2228
2042
1109
6568
5302
1412
1874
7387
107
5864
1827
5218
786
8961
5726
3645
1053
8845
18
6258
1686
6745
1071
2452
4949
5309
3282
8931
7132
9354
2796
6545
3925
3942
1300
3123
1676
2415
7928
3426
4841
5789
835
1108
1752
621
4411
752
1030
4357
1409
3983
7935
6222
1030
5520
7832
7800
5183
4398
7881
9875
9524
146
5398
8226
1875
556
820
2481
90
3736
9992
7009
6219
7257
739
1992
6206
5185
9406
7324
8669
4083
8752
6088
8544
2522
2401
2455
2474
7530
9318
1141
3281
7038
8761
8285
6250
5048
158
6203
7883
1562
1642
7763
7114
9163
1174
2292
2427
6988
2007
8735
2994
2772
766
3312
1905
5046
7980
4779
1690
4662
1790
9314
4662
4010
2694
7557
1177
8890
3092
5463
5684
2533
8441
8344
5334
1545
2952
1349
774
1911
2658
8170
5426
1635
7236
53
7047
2792
7135
7663
2053
1613
2995
1750
181
1514
5796
7655
5926
8395
5923
9431
3240
5005
5461
8439
7277
902
6818
8233
9221
3909
4735
3651
749
4506
5348
6199
3085
2799
4524
5273
9733
7556
8719
6230
1940
8229
1157
4701
340
3948
1347
1728
9411
8397
2729
3650
2413
7516
1849
9824
5244
5585
4468
3041
8853
3433
7899
3864
2896
439
2173
5971
7361
116
1301
1019
9686
129
3595
3090
1583
1653
6101
624
426
8018
3833
7064
3048
3395
4209
5655
7289
9507
8787
5780
8850
7874
7049
4056
9844
8105
7620
7291
23
3720
613
1351
158
6836
9943
4253
8211
6997
9368
8668
2970
5743
359
8439
738
3916
5172
6860
3816
2480
7404
2282
9013
2816
9433
5809
3231
9915
9824
1313
8689
5007
3063
4547
1212
931
4510
1015
8477
9124
8327
8698
609
5928
331
718
5213
6470
9009
4703
7948
4866
7323
3076
5350
4581
7166
1858
2780
4148
6746
418
242
297
2297
3932
2798
2595
4873
2057
5130
9835
7011
4409
2769
4632
2615
4693
190
7415
5822
9728
4504
631
2445
2291
3578
7870
699
3825
5660
688
7402
2323
9250
5951
7188
1715
6993
3516
6150
4948
7198
9317
7519
2374
544
3622
9983
4657
3756
2685
8246
251
2252
9183
595
847
7802
961
5069
2710
3370
3636
6957
6152
141
8003
6239
2868
7516
6564
5461
2906
4252
5524
3512
5992
6487
3732
3587
7819
9931
6814
2120
2849
1106
5143
8916
8965
5080
3001
4046
5676
9927
9649
6451
4427
3645
904
8131
1692
5184
6865
2731
1323
8614
2222
2742
9039
7498
9831
8820
4640
8063
2080
7836
8164
6484
6838
5819
581
2623
406
5589
5112
6160
9654
3835
6158
471
3979
62
6298
4783
142
2968
2714
862
2718
9202
5414
9260
8008
4224
7984
4227
4524
5727
6725
2347
2711
4497
810
3154
4687
8781
2803
9158
722
4616
4797
4532
3237
9141
6919
5907
6366
2606
9506
3866
8896
4361
4574
9961
1080
1061
4567
8604
692
1850
6397
230
5939
1418
141
5951
9613
626
4265
2137
3432
6338
9650
1630
176
1694
7275
1796
2709
9763
256
7400
1972
3802
6727
4547
8430
1900
7921
5413
5386
2376
2991
2238
3790
9417
1111
6877
6794
8281
5629
1199
8289
6901
7243
7427
5970
1747
8982
4300
2968
3215
8485
9133
3145
7275
8480
5105
9716
7667
7529
2806
4094
5911
5149
3918
8367
5150
64
3087
6307
2101
4175
4032
5963
2252
9917
8541
3313
1331
6185
2239
9804
9669
7486
1595
7472
3315
2178
6779
5259
5954
2056
9794
8909
1798
8696
634
8489
6761
3060
2085
3777
2594
6404
9054
5305
110
8554
2034
5470
6325
7044
2996
2962
7472
3549
8966
778
1101
3943
883
1294
4739
9940
9115
2646
5846
5845
1369
7147
9875
6835
6941
6335
6309
1375
7762
8283
2590
8937
6411
9644
7203
8146
1952
3856
252
5709
3516
339
782
3692
1419
5824
741
4835
3114
7095
6952
2106
5392
8708
115
9452
6558
9321
2833
5711
8560
7410
2120
1478
4742
650
5471
9603
6610
8919
8597
6676
5577
1494
6787
1939
7897
6911
6446
1694
4752
6861
3495
5617
8296
4119
5523
8608
353
100
8734
3689
6225
1232
9234
9747
6010
2525
1087
716
9171
5320
8128
2450
6089
4310
4982
9249
5952
6316
3048
7900
9340
5659
8562
410
2701
8262
5140
982
1864
5760
1167
5680
6266
131
4733
3757
4686
4251
168
8947
463
6685
9121
5797
3933
9037
3891
7750
9345
4802
7444
9666
2364
5521
2944
3715
1309
5416
3606
9066
6738
5786
2015
9224
8780
9627
9910
2475
4137
1241
4508
9557
3071
2500
5337
188
2642
9703
5145
8125
3963
3073
780
2955
5659
7222
6825
2386
1380
2444
1383
7183
9463
701
158
7062
3886
30
397
3699
2015
1454
7440
9520
2137
7390
6521
5898
3955
313
6018
194
8173
9815
8049
2062
2074
4083
9697
7217
1527
9535
7431
2445
2975
2391
4876
1347
1715
2311
5377
505
9985
9080
6096
6083
789
319
4051
340
2053
9791
3299
8917
3216
814
852
2571
1535
6725
3079
8560
584
4406
1315
1926
865
4374
6706
2999
4369
7717
5680
2345
6415
3778
7868
9266
2500
8834
2210
9306
2963
5448
9314
4665
3460
472
1144
3202
8369
8183
6892
7012
1312
1988
3452
3090
9961
4522
1112
826
9201
5673
9622
468
8036
2605
5622
1789
3793
7523
308
9511
2241
3500
5189
3105
3454
315
7182
9714
6842
1280
9054
6886
2603
6379
6028
7988
2254
1977
3236
3910
9941
9481
5570
9902
4860
4246
3338
5960
4405
5042
8733
4868
603
3598
1988
5498
5530
8882
542
7252
8519
4439
904
9764
694
5005
3220
3591
7601
3226
9161
7616
9885
7216
4235
441
9546
2792
8968
3223
9390
7231
2803
3036
8911
6940
3404
4589
5161
3556
3983
9057
920
9954
5979
9401
1367
390
9411
2479
873
2150
4034
6234
3197
2612
8062
8169
4531
4747
5655
781
7734
8414
8549
6067
4934
6209
2111
4835
357
8972
6976
6631
1747
4939
9218
8218
8429
7297
9411
4830
5237
9362
3602
9187
2864
1567
414
5157
1309
5547
5407
6326
2708
4492
3846
8641
121
6146
6680
3154
4566
1575
715
5381
9396
7728
1434
7246
6547
6905
6174
3575
2443
5762
4012
2132
4311
9080
1135
9513
4658
8255
5892
508
5912
6439
5835
1243
1083
2019
2873
7423
793
4973
4273
4845
6483
6741
9327
4973
420
7054
1658
3517
1447
5962
1618
8022
2173
3912
8733
4744
2703
2495
1263
6902
336
1985
9794
4653
2611
3752
9710
1550
6124
1703
2909
4997
2504
7269
4109
67
4827
742
9000
1971
4442
9676
2726
5995
8578
5038
3804
2281
9158
9243
9682
6098
1815
8645
4633
7834
174
7562
2097
482
2889
3406
6465
6405
111
5614
6142
9412
2177
5912
7148
2380
8713
9884
2188
9410
6661
9811
3878
9960
9306
8304
6212
5801
6732
1892
3099
316
5029
8978
9414
3748
9748
6356
1696
6489
7052
1127
2842
521
4341
3979
8443
1371
328
7056
2617
349
8996
7167
3371
9759
2886
4167
9094
7447
5514
4598
1292
3068
4355
8708
4563
6420
4648
9246
9510
400
6234
2184
5138
6643
7105
9258
1286
7385
2706
879
4152
8237
3876
9925
5418
7743
8856
4977
6114
9209
8810
1476
1537
8755
4335
4698
7678
2715
2810
3170
8016
1841
9267
1529
728
4013
4404
6463
5159
6112
774
2526
4969
7550
4566
6690
9494
9107
5094
9400
7878
8467
9206
7674
6585
2250
1240
2600
3106
1028
2483
2364
4804
9077
2887
9630
3985
5637
2753
5556
1727
5353
2995
422
2473
6219
1144
918
2589
8406
227
9877
8219
9277
9383
4112
4144
3045
5457
9436
6247
6034
832
5106
8021
9363
2366
5005
460
2604
757
3009
6976
2955
7992
1048
5266
9201
88
9018
5798
4303
6602
8165
7142
861
8324
3303
1646
4616
1180
1700
4985
8540
1838
1198
8945
3278
5767
5962
750
9467
9750
8813
5185
9958
4341
5637
5070
822
1268
2107
8586
5445
6891
2161
5526
1688
8899
9365
1787
5440
3366
4138
9168
4580
4649
771
3954
2487
7183
9094
7212
9387
5220
8527
1317
3148
5953
3902
4504
3955
596
1612
1725
1075
6858
5333
6074
5162
8848
9871
2918
2277
144
6205
8419
8479
4390
518
5639
8406
2838
1388
7320
2325
9287
4302
238
6868
3306
9470
6317
3200
1551
8852
1414
7048
5113
510
9264
4901
4499
6846
1229
76
1022
4717
1498
1433
2308
9512
1857
9104
6582
8246
6210
9389
2930
2274
6966
4408
3021
3195
8460
9518
9571
9358
5662
758
1797
5325
7431
2002
6883
8505
906
9447
3572
2139
5876
4511
2386
1005
2737
4068
4312
6735
3149
7229
2279
7769
8018
5856
6716
7877
5069
7721
9421
1872
8443
3
9132
7642
1768
2894
7387
8304
4768
6652
7689
4174
8557
3467
3915
9306
22
683
8512
4688
9109
4015
8341
1636
9390
682
7010
128
8229
3560
5973
4874
4280
5249
9113
5202
7753
8305
7727
7109
7537
5625
3242
1031
1541
3274
2587
9769
2451
9486
5232
8678
1492
6443
3011
8273
6306
4145
8362
529
7693
5926
2358
3054
9360
8292
8389
5094
4541
1422
9278
3340
2094
1898
6202
6846
4729
8819
3250
5300
1172
474
782
436
950
9626
2739
3269
813
467
660
6949
6611
9081
4253
6627
4810
7626
249
5851
2029
7006
4261
1485
522
2400
7103
5368
4055
4927
9143
7325
4326
13
5689
9566
6164
5571
4818
3474
7958
3185
880
8580
6075
806
4175
763
9090
7619
2100
4929
6391
6194
6124
1230
632
3241
9109
1990
2783
67
9992
1938
841
451
545
5286
2643
2370
642
4382
8812
4492
2318
7410
5974
2837
9175
2639
6194
4724
5833
6536
6247
1754
5231
7580
5383
689
9113
1900
6677
2572
2624
5937
3456
8866
2752
5929
5389
8876
8766
7616
9968
8191
3914
8974
6757
506
4294
5219
399
880
1645
124
1674
7980
586
7658
9603
512
2417
2080
2612
7744
1766
578
3434
2903
1501
3323
2277
2112
1538
8896
1582
2164
311
7381
4557
7427
4282
3379
2325
8061
9229
3301
2963
1557
8562
8973
7329
2439
2394
9846
471
9645
4828
4587
5871
1344
4256
1646
8829
6012
4143
9783
2876
6604
7851
1134
7294
5312
5042
9138
6308
3635
2721
6220
2223
5015
9053
2234
6357
616
6419
8986
9842
561
2435
5349
8667
7497
8490
2512
1133
5230
7248
7103
2386
8902
3661
1699
7224
5084
2382
6182
3014
9909
2550
9824
2539
4193
2467
2663
4907
446
2666
8497
1828
2519
6972
9293
7154
4529
3691
5357
9294
5023
2089
4231
9227
5068
4072
1903
3775
287
2552
9558
8108
3572
3531
2542
6398
4609
5184
7446
9410
6624
7976
7370
4058
8839
9867
371
2430
8903
4195
2418
5626
714
9904
6253
5274
466
5776
6048
5417
293
8148
2552
4820
4313
5306
4399
9810
9510
4080
7492
7883
1447
5395
9774
1428
8540
1057
9008
4023
4459
6638
5153
2766
7465
6949
7708
5665
5393
4280
1737
9479
2642
4442
9154
8836
2176
8743
8706
4711
3660
9217
5482
2459
7906
4900
6680
1761
714
5870
5885
6468
7672
1953
4899
3007
8777
9491
3723
