62679
47722
19174
89799
88305
27213
86151
12869
48593
54511
69361
20695
84987
19875
5211
2645
71488
73842
67174
57516
71915
16786
69487
89409
69621
17942
42180
2634
33519
38465
28633
61319
54772
92755
86274
16477
36644
18982
2886
96673
67555
63393
21556
2745
79159
65946
65994
92143
75966
59301
66494
48278
83274
21922
59135
25568
12232
63451
10301
95978
91566
69745
9528
92176
28243
52352
80162
65903
11066
6474
69616
45542
69490
92449
12343
85981
90169
91292
93565
6901
78228
13953
56013
90723
37615
50395
29990
18608
20114
22353
5887
92766
94717
75842
44987
885
24520
74018
77366
80776
89290
36401
92352
89911
57780
95962
26547
90545
71827
67910
97666
54635
12925
19961
30934
3677
22099
74124
55084
19918
12063
55525
18364
80063
16923
33162
70136
39969
30799
13300
45838
8645
64462
6807
70179
18737
62297
60848
75949
36684
97864
1974
99095
42208
40591
34542
28355
61415
16313
20692
81187
42143
96387
66566
133
29721
31777
23763
13128
26973
37438
18930
41393
85054
75887
22191
36324
96344
98448
90429
49607
78705
34701
24183
90198
86144
93954
49786
74751
61646
19838
72338
27941
50717
57438
75512
11755
82559
39360
72311
67224
64544
21331
74099
2723
122
36562
96714
25061
6340
44668
44066
20933
46045
95774
61436
29374
51290
98975
14083
33032
79672
75505
87909
56623
43365
14373
39998
55960
19035
56632
31433
83925
60608
9644
35749
11577
53720
52193
14657
81728
23254
87765
29494
79319
29096
62058
35224
73976
21899
92406
1168
78625
25975
85535
17744
24425
53605
42868
94510
10650
6315
11244
63218
33097
83820
58920
69406
47378
38380
21352
34719
40809
39838
76757
17283
57018
33906
61437
6681
78316
2578
43255
77842
24552
5419
17102
86299
32675
29453
33432
77873
32428
51121
60261
96143
90576
94902
47568
19016
28280
91570
56453
19345
37504
97946
46664
60074
20286
20531
13852
38433
3815
50771
86678
98478
59412
79065
99832
53363
32973
10668
57957
77066
32589
82454
23940
59738
55593
77093
53810
29335
69919
14515
8556
29932
72871
48601
18501
32451
70930
5343
96271
8361
1221
71573
18042
31490
26220
65774
60922
78745
10034
98043
29648
12231
51464
86883
28711
43014
64369
1686
96490
31732
53789
99614
96866
50042
63468
99720
30092
70860
94295
82831
90646
64838
34660
59563
83494
70635
48081
80935
10217
40094
44292
17135
75999
70191
20451
7507
93039
30311
77851
60129
13070
67789
49978
89552
95629
30293
74705
99078
49621
87680
6630
8031
35054
98534
58619
61846
27190
25174
22275
24637
25984
29545
830
6406
64097
38030
93487
7979
72740
42034
87678
90099
55647
21850
1859
95232
74786
65383
86129
25240
82222
62470
91392
97501
10771
47114
14908
76818
55509
81842
82198
48669
22167
4044
30596
92993
68699
76758
14391
69791
96940
19140
26924
56055
84219
59777
43024
53841
99260
93281
11142
9650
57998
63049
20421
43438
41947
80508
32946
21976
16522
90775
83852
5646
47065
46031
24562
49752
78155
54128
53950
38458
18099
18303
81337
60248
62288
94308
69995
46902
57292
74528
40556
58601
69716
21176
99410
32487
87462
64672
16562
80264
57853
43171
29754
69740
75260
60734
37960
77022
12967
93830
65296
51074
6744
64127
79017
84827
14933
93316
9287
12395
24748
6610
65427
59187
64362
51946
73407
75185
63993
83216
32292
62635
50505
22844
86559
2917
77746
85501
90634
38415
82684
8307
33684
89378
70286
67313
84581
71807
74472
63819
49486
21989
1857
61947
33003
74420
14624
52336
69597
15612
35445
94006
83710
59157
38583
84514
86629
84073
772
50969
28573
28430
64198
49157
58675
65751
31817
44578
72360
32331
70556
43329
37035
72399
27907
28923
28202
14279
80192
55135
19717
72395
39824
13083
13663
27054
64158
12654
23614
49527
145
39019
82857
80051
60902
45571
58295
23755
62496
67554
47273
19761
99490
79821
10922
43332
19276
82424
95949
17683
36536
35086
72170
11273
49908
28436
44586
54633
34640
62338
12233
84569
61143
23632
20916
19230
31413
78960
71598
90867
90773
29992
10059
28410
37059
52672
88850
31796
70235
45442
57107
18889
44056
89854
2479
76815
30644
72856
80304
33269
66104
9298
42168
92742
35843
93043
36792
90245
69166
69278
54360
17832
48302
39958
34786
68511
84287
73676
86388
27183
90722
49283
89393
51363
5210
84118
63410
19195
80
9671
76075
21778
97577
31669
24690
3255
41498
85243
57775
81178
59988
82235
17163
79557
56751
36281
85337
13059
87942
18041
5851
34523
60250
27321
29411
7276
88406
52071
10746
92937
52072
88197
27634
23882
13701
52822
73296
72894
35070
88869
62634
27562
88667
70216
38834
67883
92729
6898
24376
98147
64496
24519
22099
32676
73654
31842
43487
98117
28728
28545
89662
24547
28397
32684
10610
34386
995
84287
37116
22289
89218
8872
81754
88294
67141
76608
94601
41511
16846
30827
1977
44010
93293
45650
48763
5078
24475
74677
71103
54642
99373
50611
34804
70378
13434
10951
96018
38182
63703
93723
41136
69983
65101
14214
81227
26114
90825
20704
25836
53048
91882
6976
84241
79178
92635
37074
41558
4727
12853
70375
14051
6097
51212
34708
77623
71911
78293
52844
37229
33123
80305
51866
61951
2698
55230
82026
36985
35882
47079
52768
40116
97684
96161
17921
36651
16884
24529
19913
13752
28305
70906
75521
21911
70663
70929
31461
73756
91264
22778
12468
65223
65631
31851
49158
28949
28570
5031
50545
54168
86831
97011
18112
61568
31465
64352
28663
22129
54002
49586
354
94180
54224
91508
58010
14719
93309
29675
49402
5143
77278
40016
84446
77980
79463
12639
22249
37895
3949
86708
64192
94366
10492
81237
60222
23428
81799
87912
5087
47372
39142
68324
16859
61331
13488
95962
76963
55036
61950
99459
44220
54612
77097
30663
34347
83993
27495
44770
71247
81929
46364
86458
74720
29561
83606
98538
20301
64077
15460
75578
90665
70410
70330
82406
39254
91194
72756
81747
96649
22151
95373
5163
13663
88040
47524
54078
82590
9249
85173
91638
52854
97444
73356
19997
39057
13461
84200
11999
7305
24378
16374
76903
26413
18597
33371
71448
10874
46694
39362
1384
80772
39114
98407
44269
77639
58032
63324
26174
94492
23644
38562
33633
16651
91390
63011
68997
36981
55858
55217
9501
60455
56202
13216
3724
57345
16225
18769
74164
4477
87364
65400
67887
32717
55719
16413
